0,0,0,752,C
0,0,1,4,S
0,0,2,2,Y
0,0,3,2,V
0,0,4,2,Q
0,0,5,2,I
0,0,6,1,W
0,0,7,1,M
0,0,8,1,G
0,0,9,1,F
0,0,10,1,E
0,0,11,1,A
0,1,0,638,Y
0,1,1,113,F
0,1,2,6,L
0,1,3,4,S
0,1,4,4,H
0,1,5,2,N
0,1,6,2,C
0,1,7,1,M
0,2,0,756,Y
0,2,1,5,H
0,2,2,2,I
0,2,3,1,S
0,2,4,1,N
0,2,5,1,L
0,2,6,1,K
0,2,7,1,F
0,2,8,1,D
0,2,9,1,C
0,3,0,361,V
0,3,1,200,T
0,3,2,76,M
0,3,3,75,I
0,3,4,32,L
0,3,5,19,R
0,3,6,4,A
0,3,7,1,Y
0,3,8,1,S
0,3,9,1,C
0,4,0,716,A
0,4,1,30,G
0,4,2,9,T
0,4,3,3,V
0,4,4,2,S
0,4,5,2,Q
0,4,6,2,M
0,4,7,2,E
0,4,8,2,D
0,4,9,1,P
0,4,10,1,F
0,5,0,614,T
0,5,1,104,S
0,5,2,29,M
0,5,3,7,A
0,5,4,6,I
0,5,5,2,P
0,5,6,2,H
0,5,7,1,R
0,5,8,1,N
0,5,9,1,L
0,5,10,1,K
0,5,11,1,F
0,5,12,1,C
0,6,0,744,D
0,6,1,8,G
0,6,2,4,T
0,6,3,3,N
0,6,4,3,I
0,6,5,2,Y
0,6,6,2,K
0,6,7,2,A
0,6,8,1,L
0,6,9,1,E
0,7,0,543,E
0,7,1,104,A
0,7,2,55,D
0,7,3,35,V
0,7,4,14,S
0,7,5,5,K
0,7,6,5,G
0,7,7,2,T
0,7,8,2,Q
0,7,9,2,N
0,7,10,1,P
0,7,11,1,L
0,7,12,1,C
0,8,0,252,A
0,8,1,222,S
0,8,2,171,T
0,8,3,62,P
0,8,4,19,N
0,8,5,10,D
0,8,6,9,G
0,8,7,9,E
0,8,8,7,I
0,8,9,4,V
0,8,10,2,L
0,8,11,2,K
0,8,12,1,Y
0,9,0,268,T
0,9,1,263,R
0,9,2,100,K
0,9,3,64,Q
0,9,4,52,D
0,9,5,4,I
0,9,6,3,N
0,9,7,3,E
0,9,8,2,S
0,9,9,2,P
0,9,10,2,M
0,9,11,2,L
0,9,12,2,G
0,9,13,2,A
0,9,14,1,F
0,10,0,580,L
0,10,1,138,V
0,10,2,35,M
0,10,3,5,R
0,10,4,3,P
0,10,5,2,S
0,10,6,2,Q
0,10,7,2,I
0,10,8,1,T
0,10,9,1,H
0,10,10,1,A
0,11,0,613,S
0,11,1,91,N
0,11,2,25,R
0,11,3,17,T
0,11,4,5,A
0,11,5,4,K
0,11,6,4,G
0,11,7,3,Q
0,11,8,3,L
0,11,9,1,V
0,11,10,1,I
0,11,11,1,H
0,11,12,1,D
0,11,13,1,C
0,12,0,319,N
0,12,1,303,S
0,12,2,88,T
0,12,3,22,D
0,12,4,14,R
0,12,5,5,G
0,12,6,4,I
0,12,7,3,Y
0,12,8,3,K
0,12,9,3,A
0,12,10,2,P
0,12,11,2,H
0,12,12,1,M
0,12,13,1,L
0,13,0,423,M
0,13,1,265,L
0,13,2,41,I
0,13,3,15,V
0,13,4,7,W
0,13,5,4,T
0,13,6,4,K
0,13,7,3,F
0,13,8,2,S
0,13,9,2,P
0,13,10,2,D
0,13,11,1,Q
0,13,12,1,N
0,14,0,429,Q
0,14,1,173,K
0,14,2,85,E
0,14,3,42,T
0,14,4,15,S
0,14,5,7,D
0,14,6,5,R
0,14,7,5,L
0,14,8,3,V
0,14,9,2,N
0,14,10,2,H
0,14,11,1,I
0,14,12,1,F
0,15,0,597,L
0,15,1,144,M
0,15,2,11,F
0,15,3,6,I
0,15,4,3,V
0,15,5,2,R
0,15,6,2,Q
0,15,7,2,N
0,15,8,1,T
0,15,9,1,K
0,15,10,1,H
0,16,0,457,Y
0,16,1,115,F
0,16,2,99,S
0,16,3,29,V
0,16,4,27,T
0,16,5,12,D
0,16,6,9,L
0,16,7,6,C
0,16,8,4,H
0,16,9,3,P
0,16,10,3,N
0,16,11,3,G
0,16,12,1,M
0,16,13,1,K
0,16,14,1,I
0,17,0,228,L
0,17,1,224,V
0,17,2,201,A
0,17,3,89,F
0,17,4,5,I
0,17,5,4,S
0,17,6,4,Q
0,17,7,3,Y
0,17,8,3,T
0,17,9,3,R
0,17,10,2,W
0,17,11,2,G
0,17,12,1,M
0,17,13,1,K
0,18,0,405,T
0,18,1,228,Q
0,18,2,59,S
0,18,3,26,I
0,18,4,22,M
0,18,5,6,N
0,18,6,6,L
0,18,7,4,R
0,18,8,4,K
0,18,9,3,V
0,18,10,3,H
0,18,11,2,F
0,18,12,1,P
0,18,13,1,A
0,19,0,416,N
0,19,1,323,S
0,19,2,13,T
0,19,3,8,D
0,19,4,3,K
0,19,5,2,Y
0,19,6,2,Q
0,19,7,2,A
0,19,8,1,G
0,20,0,454,K
0,20,1,119,S
0,20,2,48,Q
0,20,3,33,T
0,20,4,25,E
0,20,5,21,N
0,20,6,21,A
0,20,7,16,I
0,20,8,13,R
0,20,9,7,L
0,20,10,5,M
0,20,11,3,V
0,20,12,2,G
0,20,13,1,P
0,20,14,1,F
0,20,15,1,D
0,21,0,556,S
0,21,1,148,A
0,21,2,22,N
0,21,3,18,T
0,21,4,6,P
0,21,5,6,K
0,21,6,5,D
0,21,7,3,F
0,21,8,2,V
0,21,9,1,Y
0,21,10,1,R
0,21,11,1,L
0,21,12,1,G
0,22,0,313,T
0,22,1,268,N
0,22,2,87,K
0,22,3,68,D
0,22,4,6,M
0,22,5,5,S
0,22,6,4,R
0,22,7,4,I
0,22,8,3,Y
0,22,9,3,E
0,22,10,3,A
0,22,11,2,V
0,22,12,2,P
0,22,13,1,Q
0,22,14,1,G
0,23,0,671,D
0,23,1,44,E
0,23,2,31,N
0,23,3,9,S
0,23,4,3,T
0,23,5,3,K
0,23,6,3,G
0,23,7,2,C
0,23,8,1,W
0,23,9,1,V
0,23,10,1,R
0,23,11,1,Q
0,24,0,413,R
0,24,1,114,K
0,24,2,97,V
0,24,3,71,A
0,24,4,19,S
0,24,5,16,L
0,24,6,11,T
0,24,7,11,I
0,24,8,6,P
0,24,9,4,M
0,24,10,3,D
0,24,11,2,E
0,24,12,1,H
0,24,13,1,G
0,24,14,1,F
0,25,0,509,S
0,25,1,231,T
0,25,2,7,N
0,25,3,5,F
0,25,4,3,I
0,25,5,3,H
0,25,6,2,Y
0,25,7,2,R
0,25,8,2,P
0,25,9,2,C
0,25,10,1,W
0,25,11,1,Q
0,25,12,1,K
0,25,13,1,D
0,26,0,563,I
0,26,1,106,L
0,26,2,32,M
0,26,3,31,F
0,26,4,22,V
0,26,5,5,T
0,26,6,5,S
0,26,7,3,G
0,26,8,2,H
0,26,9,1,C
0,27,0,573,T
0,27,1,125,S
0,27,2,21,I
0,27,3,17,A
0,27,4,12,V
0,27,5,8,R
0,27,6,6,F
0,27,7,3,K
0,27,8,2,N
0,27,9,1,Y
0,27,10,1,G
0,27,11,1,D
0,28,0,322,F
0,28,1,140,L
0,28,2,121,A
0,28,3,105,V
0,28,4,31,S
0,28,5,26,I
0,28,6,10,T
0,28,7,8,G
0,28,8,3,R
0,28,9,2,Y
0,28,10,2,P
0,29,0,606,R
0,29,1,115,K
0,29,2,17,Q
0,29,3,6,G
0,29,4,5,N
0,29,5,4,P
0,29,6,4,L
0,29,7,4,H
0,29,8,2,T
0,29,9,2,A
0,29,10,1,Y
0,29,11,1,W
0,29,12,1,S
0,29,13,1,F
0,29,14,1,E
1,0,0,324,C
1,0,1,2,S
1,0,2,2,G
1,0,3,1,V
1,0,4,1,L
1,1,0,283,Y
1,1,1,30,F
1,1,2,8,H
1,1,3,3,S
1,1,4,3,C
1,1,5,1,T
1,1,6,1,L
1,1,7,1,D
1,2,0,325,Y
1,2,1,2,F
1,2,2,1,L
1,2,3,1,E
1,2,4,1,C
1,3,0,141,V
1,3,1,121,T
1,3,2,22,D
1,3,3,12,I
1,3,4,11,S
1,3,5,11,M
1,3,6,4,A
1,3,7,3,Y
1,3,8,2,L
1,3,9,1,N
1,3,10,1,H
1,3,11,1,E
1,4,0,208,A
1,4,1,113,G
1,4,2,3,V
1,4,3,2,T
1,4,4,2,R
1,4,5,2,E
1,5,0,94,A
1,5,1,82,V
1,5,2,68,F
1,5,3,44,L
1,5,4,18,I
1,5,5,14,T
1,5,6,4,M
1,5,7,2,G
1,5,8,2,E
1,5,9,1,P
1,5,10,1,D
1,6,0,325,D
1,6,1,2,N
1,6,2,1,V
1,6,3,1,S
1,6,4,1,G
1,7,0,277,E
1,7,1,44,D
1,7,2,3,Q
1,7,3,3,N
1,7,4,2,K
1,7,5,1,S
1,8,0,181,A
1,8,1,84,P
1,8,2,30,S
1,8,3,7,V
1,8,4,7,E
1,8,5,7,C
1,8,6,5,T
1,8,7,3,Q
1,8,8,2,Y
1,8,9,2,D
1,8,10,1,I
1,8,11,1,G
1,9,0,181,E
1,9,1,125,Q
1,9,2,13,K
1,9,3,3,H
1,9,4,2,L
1,9,5,2,G
1,9,6,2,A
1,9,7,1,V
1,9,8,1,T
1,10,0,148,V
1,10,1,144,L
1,10,2,28,M
1,10,3,3,I
1,10,4,2,P
1,10,5,2,G
1,10,6,2,F
1,10,7,1,T
1,11,0,160,S
1,11,1,87,R
1,11,2,26,G
1,11,3,24,N
1,11,4,9,P
1,11,5,7,T
1,11,6,7,K
1,11,7,5,C
1,11,8,3,Q
1,11,9,1,I
1,11,10,1,D
1,12,0,274,S
1,12,1,27,N
1,12,2,10,H
1,12,3,5,I
1,12,4,3,E
1,12,5,3,D
1,12,6,2,T
1,12,7,2,R
1,12,8,2,G
1,12,9,1,Y
1,12,10,1,C
1,13,0,327,I
1,13,1,2,V
1,13,2,1,D
1,14,0,211,T
1,14,1,69,K
1,14,2,22,R
1,14,3,11,S
1,14,4,6,N
1,14,5,4,I
1,14,6,3,E
1,14,7,2,A
1,14,8,1,Q
1,14,9,1,P
1,15,0,300,L
1,15,1,23,F
1,15,2,2,V
1,15,3,1,R
1,15,4,1,M
1,15,5,1,I
1,15,6,1,G
1,15,7,1,C
1,16,0,245,T
1,16,1,70,S
1,16,2,6,I
1,16,3,5,V
1,16,4,2,A
1,16,5,1,N
1,16,6,1,L
1,17,0,253,F
1,17,1,74,Y
1,17,2,1,T
1,17,3,1,H
1,17,4,1,G
1,18,0,250,D
1,18,1,34,S
1,18,2,19,E
1,18,3,16,Q
1,18,4,3,H
1,18,5,2,V
1,18,6,1,Y
1,18,7,1,N
1,18,8,1,K
1,18,9,1,G
1,18,10,1,F
1,18,11,1,A
1,19,0,288,T
1,19,1,19,S
1,19,2,7,A
1,19,3,4,R
1,19,4,4,K
1,19,5,2,Q
1,19,6,2,N
1,19,7,2,I
1,19,8,1,V
1,19,9,1,M
1,20,0,297,G
1,20,1,21,E
1,20,2,2,V
1,20,3,2,T
1,20,4,2,R
1,20,5,2,D
1,20,6,2,A
1,20,7,1,W
1,20,8,1,S
1,21,0,307,S
1,21,1,7,Y
1,21,2,6,A
1,21,3,4,F
1,21,4,2,P
1,21,5,2,L
1,21,6,1,T
1,21,7,1,H
1,22,0,300,G
1,22,1,18,R
1,22,2,7,Q
1,22,3,3,V
1,22,4,1,W
1,22,5,1,K
1,23,0,315,S
1,23,1,6,T
1,23,2,3,G
1,23,3,2,R
1,23,4,2,I
1,23,5,1,N
1,23,6,1,L
1,24,0,317,G
1,24,1,7,S
1,24,2,4,A
1,24,3,1,T
1,24,4,1,D
1,25,0,264,S
1,25,1,42,T
1,25,2,10,K
1,25,3,8,I
1,25,4,4,R
1,25,5,1,V
1,25,6,1,N
1,26,0,327,F
1,26,1,2,L
1,26,2,1,G
1,27,0,317,R
1,27,1,4,G
1,27,2,2,S
1,27,3,2,Q
1,27,4,1,W
1,27,5,1,P
1,27,6,1,K
1,27,7,1,D
1,27,8,1,C
1,28,0,133,D
1,28,1,125,S
1,28,2,47,A
1,28,3,6,E
1,28,4,4,C
1,28,5,3,V
1,28,6,3,K
1,28,7,2,T
1,28,8,2,H
1,28,9,2,G
1,28,10,1,P
1,28,11,1,N
1,28,12,1,L
1,29,0,302,P
1,29,1,25,S
1,29,2,3,L
2,0,0,324,C
2,0,1,10,E
2,0,2,3,Y
2,0,3,2,S
2,0,4,1,W
2,0,5,1,I
2,0,6,1,G
2,1,0,278,Y
2,1,1,39,F
2,1,2,10,H
2,1,3,10,A
2,1,4,3,I
2,1,5,1,S
2,1,6,1,D
2,2,0,328,Y
2,2,1,10,Q
2,2,2,2,D
2,2,3,1,H
2,2,4,1,C
2,3,0,294,D
2,3,1,10,L
2,3,2,10,G
2,3,3,10,E
2,3,4,6,I
2,3,5,4,N
2,3,6,3,M
2,3,7,2,Y
2,3,8,1,V
2,3,9,1,T
2,3,10,1,A
2,4,0,320,A
2,4,1,12,S
2,4,2,6,T
2,4,3,2,V
2,4,4,2,D
2,5,0,322,E
2,5,1,10,S
2,5,2,6,D
2,5,3,3,K
2,5,4,1,Q
2,6,0,320,D
2,6,1,10,I
2,6,2,9,E
2,6,3,2,V
2,6,4,1,N
2,7,0,307,E
2,7,1,10,G
2,7,2,9,T
2,7,3,5,K
2,7,4,5,D
2,7,5,2,N
2,7,6,1,Q
2,7,7,1,M
2,7,8,1,I
2,7,9,1,A
2,8,0,223,A
2,8,1,61,P
2,8,2,18,T
2,8,3,17,S
2,8,4,10,L
2,8,5,4,V
2,8,6,3,I
2,8,7,3,D
2,8,8,1,M
2,8,9,1,G
2,8,10,1,F
2,9,0,280,Q
2,9,1,20,R
2,9,2,13,L
2,9,3,10,T
2,9,4,7,E
2,9,5,5,K
2,9,6,3,H
2,9,7,2,W
2,9,8,2,P
2,10,0,206,L
2,10,1,92,A
2,10,2,28,V
2,10,3,6,I
2,10,4,4,T
2,10,5,3,P
2,10,6,3,F
2,11,0,226,G
2,11,1,75,S
2,11,2,11,R
2,11,3,10,T
2,11,4,10,N
2,11,5,7,E
2,11,6,1,W
2,11,7,1,V
2,11,8,1,L
2,12,0,217,S
2,12,1,85,T
2,12,2,18,A
2,12,3,16,N
2,12,4,3,R
2,12,5,1,P
2,12,6,1,L
2,12,7,1,H
2,13,0,322,I
2,13,1,10,G
2,13,2,3,V
2,13,3,3,T
2,13,4,3,L
2,13,5,1,R
2,14,0,274,T
2,14,1,29,L
2,14,2,22,S
2,14,3,9,A
2,14,4,5,I
2,14,5,2,G
2,14,6,1,R
2,15,0,321,L
2,15,1,9,M
2,15,2,8,R
2,15,3,2,S
2,15,4,2,K
2,16,0,202,T
2,16,1,61,S
2,16,2,28,A
2,16,3,23,L
2,16,4,8,V
2,16,5,7,I
2,16,6,6,Y
2,16,7,6,F
2,16,8,1,N
2,17,0,247,A
2,17,1,68,G
2,17,2,6,V
2,17,3,6,R
2,17,4,5,T
2,17,5,3,S
2,17,6,3,F
2,17,7,2,H
2,17,8,2,D
2,18,0,198,T
2,18,1,65,S
2,18,2,33,K
2,18,3,29,A
2,18,4,6,D
2,18,5,5,M
2,18,6,3,V
2,18,7,2,N
2,18,8,1,L
2,19,0,233,N
2,19,1,47,S
2,19,2,17,T
2,19,3,12,D
2,19,4,10,F
2,19,5,9,K
2,19,6,6,A
2,19,7,5,G
2,19,8,1,Y
2,19,9,1,Q
2,19,10,1,H
2,20,0,271,G
2,20,1,20,S
2,20,2,20,A
2,20,3,10,R
2,20,4,8,T
2,20,5,8,E
2,20,6,5,D
2,21,0,309,S
2,21,1,10,D
2,21,2,8,L
2,21,3,5,I
2,21,4,4,T
2,21,5,2,K
2,21,6,2,A
2,21,7,1,V
2,21,8,1,P
2,22,0,113,K
2,22,1,55,R
2,22,2,49,S
2,22,3,36,N
2,22,4,24,I
2,22,5,21,A
2,22,6,17,T
2,22,7,10,P
2,22,8,10,L
2,22,9,2,D
2,22,10,1,V
2,22,11,1,Q
2,22,12,1,M
2,22,13,1,F
2,22,14,1,C
2,23,0,249,S
2,23,1,47,D
2,23,2,15,T
2,23,3,11,A
2,23,4,10,V
2,23,5,3,F
2,23,6,2,Y
2,23,7,2,G
2,23,8,2,E
2,23,9,1,N
2,24,0,278,G
2,24,1,35,K
2,24,2,13,I
2,24,3,6,S
2,24,4,6,A
2,24,5,3,C
2,24,6,1,V
2,25,0,330,S
2,25,1,5,T
2,25,2,3,P
2,25,3,2,V
2,25,4,1,D
2,25,5,1,C
2,26,0,277,F
2,26,1,48,G
2,26,2,8,A
2,26,3,2,S
2,26,4,2,R
2,26,5,2,P
2,26,6,1,Y
2,26,7,1,L
2,26,8,1,D
2,27,0,263,R
2,27,1,49,S
2,27,2,12,W
2,27,3,7,Q
2,27,4,3,H
2,27,5,2,L
2,27,6,2,D
2,27,7,2,C
2,27,8,1,G
2,27,9,1,E
2,28,0,171,D
2,28,1,46,E
2,28,2,45,F
2,28,3,30,A
2,28,4,18,S
2,28,5,18,N
2,28,6,7,V
2,28,7,3,G
2,28,8,2,P
2,28,9,1,R
2,28,10,1,H
2,29,0,261,P
2,29,1,44,R
2,29,2,18,S
2,29,3,8,T
2,29,4,4,L
2,29,5,2,V
2,29,6,2,C
2,29,7,1,W
2,29,8,1,I
2,29,9,1,H
3,0,0,759,C
3,0,1,1,Y
3,0,2,1,W
3,0,3,1,V
3,0,4,1,K
3,0,5,1,G
3,1,0,396,F
3,1,1,169,Y
3,1,2,166,L
3,1,3,18,I
3,1,4,6,H
3,1,5,3,V
3,1,6,2,N
3,1,7,1,T
3,1,8,1,Q
3,1,9,1,D
3,1,10,1,C
3,2,0,752,Y
3,2,1,6,F
3,2,2,2,C
3,2,3,1,Q
3,2,4,1,L
3,2,5,1,E
3,2,6,1,D
3,3,0,297,T
3,3,1,266,V
3,3,2,55,L
3,3,3,39,K
3,3,4,32,I
3,3,5,29,M
3,3,6,18,S
3,3,7,17,E
3,3,8,3,R
3,3,9,3,F
3,3,10,2,Q
3,3,11,2,A
3,3,12,1,N
3,4,0,592,A
3,4,1,149,G
3,4,2,17,T
3,4,3,2,V
3,4,4,1,Y
3,4,5,1,S
3,4,6,1,I
3,4,7,1,H
3,5,0,561,S
3,5,1,128,A
3,5,2,59,T
3,5,3,7,V
3,5,4,4,L
3,5,5,2,F
3,5,6,1,W
3,5,7,1,P
3,5,8,1,K
3,6,0,741,D
3,6,1,9,L
3,6,2,6,H
3,6,3,3,Y
3,6,4,2,N
3,6,5,1,T
3,6,6,1,F
3,6,7,1,A
3,7,0,267,S
3,7,1,145,G
3,7,2,144,E
3,7,3,68,T
3,7,4,52,R
3,7,5,37,A
3,7,6,23,K
3,7,7,12,D
3,7,8,6,V
3,7,9,3,N
3,7,10,3,I
3,7,11,2,Q
3,7,12,1,Y
3,7,13,1,L
3,8,0,220,L
3,8,1,213,P
3,8,2,83,T
3,8,3,51,E
3,8,4,48,A
3,8,5,40,W
3,8,6,25,I
3,8,7,21,V
3,8,8,19,M
3,8,9,19,G
3,8,10,9,H
3,8,11,6,Q
3,8,12,5,C
3,8,13,3,D
3,8,14,1,S
3,8,15,1,R
3,9,0,543,Q
3,9,1,71,H
3,9,2,34,T
3,9,3,30,E
3,9,4,21,R
3,9,5,19,L
3,9,6,18,K
3,9,7,8,S
3,9,8,5,V
3,9,9,4,N
3,9,10,4,A
3,9,11,3,Y
3,9,12,3,I
3,9,13,1,F
3,10,0,315,S
3,10,1,182,V
3,10,2,125,A
3,10,3,75,T
3,10,4,40,L
3,10,5,17,P
3,10,6,5,I
3,10,7,2,M
3,10,8,2,G
3,10,9,1,R
3,11,0,264,A
3,11,1,226,S
3,11,2,121,D
3,11,3,39,Q
3,11,4,28,T
3,11,5,17,P
3,11,6,15,R
3,11,7,14,G
3,11,8,14,E
3,11,9,8,H
3,11,10,6,V
3,11,11,6,L
3,11,12,3,F
3,11,13,1,Y
3,11,14,1,W
3,11,15,1,K
3,12,0,200,S
3,12,1,166,T
3,12,2,128,A
3,12,3,77,P
3,12,4,76,R
3,12,5,27,K
3,12,6,15,L
3,12,7,14,G
3,12,8,12,Q
3,12,9,12,M
3,12,10,11,I
3,12,11,6,E
3,12,12,5,V
3,12,13,5,H
3,12,14,4,D
3,12,15,2,Y
3,12,16,2,W
3,12,17,2,F
3,13,0,446,I
3,13,1,203,K
3,13,2,91,L
3,13,3,19,V
3,13,4,1,T
3,13,5,1,Q
3,13,6,1,M
3,13,7,1,F
3,13,8,1,D
3,14,0,305,H
3,14,1,69,R
3,14,2,69,Q
3,14,3,59,V
3,14,4,51,K
3,14,5,41,Y
3,14,6,34,E
3,14,7,32,T
3,14,8,32,L
3,14,9,24,N
3,14,10,21,S
3,14,11,16,I
3,14,12,5,F
3,14,13,2,M
3,14,14,2,A
3,14,15,1,G
3,14,16,1,C
3,15,0,734,L
3,15,1,9,F
3,15,2,7,M
3,15,3,5,I
3,15,4,2,S
3,15,5,2,P
3,15,6,2,H
3,15,7,1,W
3,15,8,1,V
3,15,9,1,A
3,16,0,358,S
3,16,1,190,H
3,16,2,116,T
3,16,3,16,Y
3,16,4,16,N
3,16,5,14,F
3,16,6,12,L
3,16,7,9,P
3,16,8,9,A
3,16,9,8,Q
3,16,10,6,G
3,16,11,5,I
3,16,12,2,R
3,16,13,2,K
3,16,14,1,V
3,17,0,310,S
3,17,1,255,F
3,17,2,88,L
3,17,3,55,I
3,17,4,32,V
3,17,5,11,G
3,17,6,5,T
3,17,7,4,A
3,17,8,2,N
3,17,9,1,Q
3,17,10,1,K
3,18,0,324,S
3,18,1,121,H
3,18,2,85,R
3,18,3,77,Y
3,18,4,41,Q
3,18,5,20,F
3,18,6,18,K
3,18,7,17,N
3,18,8,14,D
3,18,9,12,G
3,18,10,10,T
3,18,11,8,L
3,18,12,8,A
3,18,13,4,I
3,18,14,3,E
3,18,15,2,C
3,19,0,308,K
3,19,1,126,R
3,19,2,100,S
3,19,3,81,T
3,19,4,48,Q
3,19,5,35,L
3,19,6,23,G
3,19,7,16,F
3,19,8,8,A
3,19,9,7,N
3,19,10,3,E
3,19,11,2,Y
3,19,12,2,M
3,19,13,2,I
3,19,14,2,H
3,19,15,1,C
3,20,0,198,E
3,20,1,100,A
3,20,2,98,R
3,20,3,95,S
3,20,4,84,D
3,20,5,53,K
3,20,6,45,T
3,20,7,37,N
3,20,8,16,Q
3,20,9,14,L
3,20,10,7,I
3,20,11,5,G
3,20,12,4,V
3,20,13,3,F
3,20,14,2,M
3,20,15,1,P
3,20,16,1,H
3,20,17,1,C
3,21,0,206,S
3,21,1,157,K
3,21,2,90,T
3,21,3,85,A
3,21,4,60,E
3,21,5,57,D
3,21,6,37,R
3,21,7,21,N
3,21,8,17,G
3,21,9,10,L
3,21,10,8,Q
3,21,11,8,P
3,21,12,3,V
3,21,13,3,H
3,21,14,1,M
3,21,15,1,F
3,22,0,375,K
3,22,1,93,S
3,22,2,62,T
3,22,3,47,E
3,22,4,43,R
3,22,5,40,P
3,22,6,23,A
3,22,7,17,L
3,22,8,15,I
3,22,9,13,N
3,22,10,9,Y
3,22,11,8,Q
3,22,12,5,G
3,22,13,5,D
3,22,14,3,V
3,22,15,3,F
3,22,16,2,M
3,22,17,1,H
3,23,0,258,N
3,23,1,104,D
3,23,2,83,Q
3,23,3,76,V
3,23,4,41,G
3,23,5,39,S
3,23,6,38,A
3,23,7,25,T
3,23,8,25,K
3,23,9,21,R
3,23,10,21,I
3,23,11,19,H
3,23,12,5,P
3,23,13,3,F
3,23,14,3,E
3,23,15,2,L
3,23,16,1,Y
3,24,0,254,L
3,24,1,222,F
3,24,2,61,I
3,24,3,53,T
3,24,4,48,Y
3,24,5,29,V
3,24,6,24,M
3,24,7,22,A
3,24,8,21,H
3,24,9,11,S
3,24,10,6,P
3,24,11,3,E
3,24,12,2,R
3,24,13,2,G
3,24,14,2,D
3,24,15,1,Q
3,24,16,1,N
3,24,17,1,K
3,24,18,1,C
3,25,0,279,T
3,25,1,81,N
3,25,2,73,E
3,25,3,69,F
3,25,4,60,L
3,25,5,44,S
3,25,6,31,Q
3,25,7,29,H
3,25,8,26,R
3,25,9,17,V
3,25,10,15,A
3,25,11,11,K
3,25,12,9,I
3,25,13,7,D
3,25,14,4,Y
3,25,15,4,W
3,25,16,3,G
3,25,17,2,M
3,26,0,323,A
3,26,1,163,V
3,26,2,96,L
3,26,3,72,S
3,26,4,33,I
3,26,5,31,G
3,26,6,11,F
3,26,7,10,Y
3,26,8,9,C
3,26,9,5,T
3,26,10,3,K
3,26,11,2,Q
3,26,12,2,E
3,26,13,1,W
3,26,14,1,P
3,26,15,1,M
3,26,16,1,H
3,27,0,225,T
3,27,1,173,S
3,27,2,137,E
3,27,3,53,R
3,27,4,43,N
3,27,5,42,K
3,27,6,25,Q
3,27,7,22,H
3,27,8,16,F
3,27,9,13,I
3,27,10,4,V
3,27,11,3,Y
3,27,12,3,A
3,27,13,2,M
3,27,14,1,W
3,27,15,1,G
3,27,16,1,D
3,28,0,311,F
3,28,1,229,L
3,28,2,84,Y
3,28,3,43,A
3,28,4,24,I
3,28,5,20,G
3,28,6,17,V
3,28,7,11,E
3,28,8,7,M
3,28,9,4,W
3,28,10,4,N
3,28,11,3,K
3,28,12,2,T
3,28,13,2,S
3,28,14,2,Q
3,28,15,1,C
3,29,0,418,R
3,29,1,209,G
3,29,2,40,K
3,29,3,33,M
3,29,4,16,Q
3,29,5,14,H
3,29,6,10,S
3,29,7,7,V
3,29,8,5,E
3,29,9,4,T
3,29,10,2,Y
3,29,11,2,L
3,29,12,1,W
3,29,13,1,N
3,29,14,1,I
3,29,15,1,D
4,0,0,374,C
4,0,1,2,Y
4,0,2,2,R
4,0,3,1,N
4,0,4,1,L
4,0,5,1,H
4,0,6,1,A
4,1,0,209,L
4,1,1,151,F
4,1,2,6,I
4,1,3,4,V
4,1,4,4,T
4,1,5,3,R
4,1,6,2,Y
4,1,7,2,S
4,1,8,1,H
4,2,0,361,Y
4,2,1,6,F
4,2,2,6,C
4,2,3,3,L
4,2,4,2,S
4,2,5,1,V
4,2,6,1,R
4,2,7,1,N
4,2,8,1,I
4,3,0,195,V
4,3,1,99,L
4,3,2,25,M
4,3,3,22,F
4,3,4,13,T
4,3,5,6,S
4,3,6,6,A
4,3,7,4,R
4,3,8,4,I
4,3,9,2,W
4,3,10,2,Q
4,3,11,1,Y
4,3,12,1,P
4,3,13,1,E
4,3,14,1,D
4,4,0,235,A
4,4,1,114,S
4,4,2,22,G
4,4,3,4,L
4,4,4,3,R
4,4,5,1,V
4,4,6,1,P
4,4,7,1,D
4,4,8,1,C
4,5,0,242,S
4,5,1,122,T
4,5,2,6,A
4,5,3,4,L
4,5,4,3,R
4,5,5,2,I
4,5,6,1,N
4,5,7,1,M
4,5,8,1,G
4,6,0,249,D
4,6,1,108,Q
4,6,2,6,R
4,6,3,6,N
4,6,4,5,H
4,6,5,4,P
4,6,6,2,Y
4,6,7,1,E
4,6,8,1,A
4,7,0,110,G
4,7,1,93,S
4,7,2,59,E
4,7,3,34,N
4,7,4,22,T
4,7,5,21,Q
4,7,6,16,R
4,7,7,8,A
4,7,8,6,K
4,7,9,6,D
4,7,10,4,M
4,7,11,1,V
4,7,12,1,I
4,7,13,1,F
4,8,0,140,P
4,8,1,124,L
4,8,2,28,Q
4,8,3,18,T
4,8,4,18,R
4,8,5,13,S
4,8,6,13,A
4,8,7,8,K
4,8,8,6,V
4,8,9,4,H
4,8,10,3,M
4,8,11,3,I
4,8,12,2,E
4,8,13,1,F
4,8,14,1,D
4,9,0,138,E
4,9,1,48,Q
4,9,2,40,S
4,9,3,24,K
4,9,4,23,A
4,9,5,18,T
4,9,6,17,V
4,9,7,16,L
4,9,8,14,N
4,9,9,12,H
4,9,10,12,D
4,9,11,10,G
4,9,12,4,I
4,9,13,3,R
4,9,14,2,P
4,9,15,1,Y
4,10,0,152,A
4,10,1,106,L
4,10,2,71,T
4,10,3,27,V
4,10,4,14,S
4,10,5,7,P
4,10,6,2,R
4,10,7,1,M
4,10,8,1,I
4,10,9,1,C
4,11,0,178,S
4,11,1,54,P
4,11,2,54,A
4,11,3,29,R
4,11,4,18,N
4,11,5,13,L
4,11,6,10,K
4,11,7,8,T
4,11,8,6,F
4,11,9,3,V
4,11,10,2,Q
4,11,11,2,H
4,11,12,2,C
4,11,13,1,Y
4,11,14,1,E
4,11,15,1,D
4,12,0,93,Q
4,12,1,74,E
4,12,2,50,S
4,12,3,36,T
4,12,4,26,K
4,12,5,20,R
4,12,6,18,N
4,12,7,14,L
4,12,8,13,D
4,12,9,12,A
4,12,10,10,H
4,12,11,6,P
4,12,12,4,G
4,12,13,3,V
4,12,14,1,Y
4,12,15,1,M
4,12,16,1,I
4,13,0,136,L
4,13,1,125,I
4,13,2,96,V
4,13,3,10,M
4,13,4,9,S
4,13,5,2,G
4,13,6,1,T
4,13,7,1,P
4,13,8,1,N
4,13,9,1,F
4,14,0,93,T
4,14,1,70,K
4,14,2,62,N
4,14,3,32,H
4,14,4,27,E
4,14,5,26,R
4,14,6,18,S
4,14,7,11,I
4,14,8,8,M
4,14,9,8,D
4,14,10,6,Q
4,14,11,6,G
4,14,12,4,Y
4,14,13,4,V
4,14,14,3,L
4,14,15,2,A
4,14,16,1,P
4,14,17,1,F
4,15,0,346,L
4,15,1,25,M
4,15,2,7,V
4,15,3,1,W
4,15,4,1,T
4,15,5,1,P
4,15,6,1,G
4,16,0,90,T
4,16,1,73,P
4,16,2,66,E
4,16,3,60,S
4,16,4,21,I
4,16,5,16,L
4,16,6,13,Y
4,16,7,9,N
4,16,8,8,H
4,16,9,7,Q
4,16,10,7,F
4,16,11,3,V
4,16,12,3,R
4,16,13,3,A
4,16,14,2,D
4,16,15,1,G
4,17,0,168,S
4,17,1,129,F
4,17,2,39,L
4,17,3,35,C
4,17,4,3,T
4,17,5,3,A
4,17,6,2,D
4,17,7,1,P
4,17,8,1,N
4,17,9,1,I
4,18,0,64,S
4,18,1,45,D
4,18,2,40,H
4,18,3,40,F
4,18,4,29,N
4,18,5,27,P
4,18,6,25,R
4,18,7,23,L
4,18,8,21,E
4,18,9,19,V
4,18,10,15,Y
4,18,11,10,Q
4,18,12,8,K
4,18,13,4,I
4,18,14,4,G
4,18,15,4,C
4,18,16,3,T
4,18,17,1,A
4,19,0,130,S
4,19,1,73,E
4,19,2,35,T
4,19,3,26,A
4,19,4,24,Y
4,19,5,14,G
4,19,6,14,F
4,19,7,10,V
4,19,8,9,R
4,19,9,9,L
4,19,10,9,D
4,19,11,8,P
4,19,12,5,K
4,19,13,4,Q
4,19,14,4,M
4,19,15,3,N
4,19,16,2,H
4,19,17,2,C
4,19,18,1,I
4,20,0,63,G
4,20,1,59,K
4,20,2,59,D
4,20,3,54,T
4,20,4,53,N
4,20,5,24,L
4,20,6,22,S
4,20,7,12,Q
4,20,8,9,E
4,20,9,9,A
4,20,10,6,R
4,20,11,5,V
4,20,12,3,I
4,20,13,2,Y
4,20,14,1,P
4,20,15,1,M
4,21,0,78,S
4,21,1,66,N
4,21,2,52,E
4,21,3,51,K
4,21,4,45,D
4,21,5,21,P
4,21,6,20,Q
4,21,7,15,G
4,21,8,14,T
4,21,9,12,R
4,21,10,4,A
4,21,11,3,H
4,21,12,1,L
4,22,0,164,P
4,22,1,67,F
4,22,2,45,S
4,22,3,25,L
4,22,4,20,T
4,22,5,17,E
4,22,6,14,K
4,22,7,5,I
4,22,8,5,A
4,22,9,4,V
4,22,10,4,Q
4,22,11,3,R
4,22,12,2,Y
4,22,13,2,G
4,22,14,2,D
4,22,15,1,N
4,22,16,1,H
4,22,17,1,C
4,23,0,207,R
4,23,1,69,Q
4,23,2,44,C
4,23,3,18,M
4,23,4,17,H
4,23,5,10,S
4,23,6,8,F
4,23,7,2,V
4,23,8,2,T
4,23,9,2,A
4,23,10,1,W
4,23,11,1,I
4,23,12,1,E
4,24,0,137,S
4,24,1,95,E
4,24,2,38,Q
4,24,3,30,K
4,24,4,20,H
4,24,5,13,T
4,24,6,13,R
4,24,7,11,N
4,24,8,6,V
4,24,9,4,L
4,24,10,4,G
4,24,11,3,F
4,24,12,3,D
4,24,13,3,A
4,24,14,2,I
4,25,0,160,A
4,25,1,109,V
4,25,2,37,G
4,25,3,31,P
4,25,4,24,I
4,25,5,8,S
4,25,6,4,T
4,25,7,3,Y
4,25,8,3,R
4,25,9,2,L
4,25,10,1,K
4,26,0,231,S
4,26,1,46,N
4,26,2,17,P
4,26,3,16,T
4,26,4,13,Q
4,26,5,11,L
4,26,6,10,R
4,26,7,8,K
4,26,8,7,F
4,26,9,6,D
4,26,10,4,V
4,26,11,3,H
4,26,12,3,G
4,26,13,3,A
4,26,14,2,E
4,26,15,1,W
4,26,16,1,I
4,27,0,241,F
4,27,1,112,Y
4,27,2,12,S
4,27,3,7,L
4,27,4,4,A
4,27,5,2,V
4,27,6,1,R
4,27,7,1,I
4,27,8,1,H
4,27,9,1,G
4,28,0,186,R
4,28,1,113,G
4,28,2,23,K
4,28,3,19,N
4,28,4,14,H
4,28,5,9,Q
4,28,6,6,E
4,28,7,4,D
4,28,8,2,V
4,28,9,2,F
4,28,10,1,Y
4,28,11,1,W
4,28,12,1,M
4,28,13,1,C
4,29,0,158,D
4,29,1,60,E
4,29,2,38,S
4,29,3,28,N
4,29,4,27,G
4,29,5,24,A
4,29,6,15,Q
4,29,7,13,K
4,29,8,6,P
4,29,9,4,R
4,29,10,3,Y
4,29,11,3,T
4,29,12,1,M
4,29,13,1,L
4,29,14,1,H
